nbCubeGoodSquares=64;
cubeGoodSquares=[-125,
14175,
2100,
-23625,
14175,
-1607445,
-238140,
2679075,
2100,
-238140,
-35280,
396900,
-23625,
2679075,
396900,
-4465125,
14175,
-1607445,
-238140,
2679075,
-1607445,
182284263,
27005076,
-303807105,
-238140,
27005076,
4000752,
-45008460,
2679075,
-303807105,
-45008460,
506345175,
2100,
-238140,
-35280,
396900,
-238140,
27005076,
4000752,
-45008460,
-35280,
4000752,
592704,
-6667920,
396900,
-45008460,
-6667920,
75014100,
-23625,
2679075,
396900,
-4465125,
2679075,
-303807105,
-45008460,
506345175,
396900,
-45008460,
-6667920,
75014100,
-4465125,
506345175,
75014100,
-843908625,
];
